Sample	0	1	2	3	4	5	6	7	8	9	10	11	12	13	14	15	16	17	18	19	20	21	22	23	24
KH1A_102_R1	(20.0, 2.0)	(21.0, 9.0)	(22.0, 89.0)	(23.0, 394.0)	(24.0, 1426.0)	(25.0, 3868.0)	(26.0, 9386.0)	(27.0, 19161.0)	(28.0, 36989.0)	(29.0, 66180.0)	(30.0, 112861.0)	(31.0, 191417.0)	(32.0, 322136.0)	(33.0, 554221.0)	(34.0, 1001166.0)	(35.0, 1928066.0)	(36.0, 4083664.0)	(37.0, 8333668.0)	(38.0, 9315179.0)	(39.0, 1924324.0)	(40.0, 2237.0)				
KH1A_102_R2	(17.0, 3.0)	(18.0, 28.0)	(19.0, 100.0)	(20.0, 258.0)	(21.0, 586.0)	(22.0, 1342.0)	(23.0, 2679.0)	(24.0, 5181.0)	(25.0, 9443.0)	(26.0, 16704.0)	(27.0, 28554.0)	(28.0, 48098.0)	(29.0, 79473.0)	(30.0, 130244.0)	(31.0, 216729.0)	(32.0, 362481.0)	(33.0, 620427.0)	(34.0, 1103030.0)	(35.0, 2050873.0)	(36.0, 4072505.0)	(37.0, 7719684.0)	(38.0, 8885603.0)	(39.0, 2544813.0)	(40.0, 7605.0)	
KH1B_101_R1	(21.0, 7.0)	(22.0, 56.0)	(23.0, 245.0)	(24.0, 870.0)	(25.0, 2432.0)	(26.0, 5893.0)	(27.0, 12428.0)	(28.0, 24475.0)	(29.0, 45433.0)	(30.0, 80307.0)	(31.0, 139156.0)	(32.0, 242509.0)	(33.0, 429887.0)	(34.0, 801260.0)	(35.0, 1592024.0)	(36.0, 3455148.0)	(37.0, 7067711.0)	(38.0, 7611939.0)	(39.0, 1410723.0)	(40.0, 338.0)					
KH1B_101_R2	(17.0, 1.0)	(18.0, 5.0)	(19.0, 71.0)	(20.0, 223.0)	(21.0, 652.0)	(22.0, 1458.0)	(23.0, 3138.0)	(24.0, 6035.0)	(25.0, 10826.0)	(26.0, 18868.0)	(27.0, 31640.0)	(28.0, 51288.0)	(29.0, 82441.0)	(30.0, 132205.0)	(31.0, 212468.0)	(32.0, 344374.0)	(33.0, 573125.0)	(34.0, 993440.0)	(35.0, 1809195.0)	(36.0, 3497797.0)	(37.0, 6409101.0)	(38.0, 6958939.0)	(39.0, 1783519.0)	(40.0, 2032.0)	
KH2A_104_R1	(20.0, 1.0)	(21.0, 7.0)	(22.0, 59.0)	(23.0, 320.0)	(24.0, 1085.0)	(25.0, 3022.0)	(26.0, 7089.0)	(27.0, 15006.0)	(28.0, 28713.0)	(29.0, 52336.0)	(30.0, 90592.0)	(31.0, 154503.0)	(32.0, 262422.0)	(33.0, 457402.0)	(34.0, 832299.0)	(35.0, 1639333.0)	(36.0, 3641700.0)	(37.0, 8253467.0)	(38.0, 10291640.0)	(39.0, 2243619.0)	(40.0, 820.0)				
KH2A_104_R2	(17.0, 1.0)	(18.0, 8.0)	(19.0, 47.0)	(20.0, 148.0)	(21.0, 403.0)	(22.0, 904.0)	(23.0, 2033.0)	(24.0, 4201.0)	(25.0, 7811.0)	(26.0, 14069.0)	(27.0, 24185.0)	(28.0, 41563.0)	(29.0, 68840.0)	(30.0, 114160.0)	(31.0, 189376.0)	(32.0, 317382.0)	(33.0, 546691.0)	(34.0, 978474.0)	(35.0, 1851478.0)	(36.0, 3798709.0)	(37.0, 7732827.0)	(38.0, 9554343.0)	(39.0, 2723789.0)	(40.0, 3993.0)	
KH2B_103_R1	(21.0, 9.0)	(22.0, 77.0)	(23.0, 448.0)	(24.0, 1457.0)	(25.0, 4026.0)	(26.0, 9395.0)	(27.0, 20093.0)	(28.0, 38570.0)	(29.0, 69927.0)	(30.0, 122394.0)	(31.0, 209166.0)	(32.0, 361721.0)	(33.0, 633703.0)	(34.0, 1170597.0)	(35.0, 2309406.0)	(36.0, 4974270.0)	(37.0, 9887066.0)	(38.0, 9756326.0)	(39.0, 1620864.0)	(40.0, 439.0)					
KH2B_103_R2	(17.0, 1.0)	(18.0, 6.0)	(19.0, 62.0)	(20.0, 199.0)	(21.0, 542.0)	(22.0, 1334.0)	(23.0, 2909.0)	(24.0, 5749.0)	(25.0, 10706.0)	(26.0, 19603.0)	(27.0, 34004.0)	(28.0, 58128.0)	(29.0, 96729.0)	(30.0, 159725.0)	(31.0, 265032.0)	(32.0, 442881.0)	(33.0, 757731.0)	(34.0, 1346543.0)	(35.0, 2508315.0)	(36.0, 4946962.0)	(37.0, 9082506.0)	(38.0, 9304899.0)	(39.0, 2142959.0)	(40.0, 2429.0)	
KH3A_106_R1	(21.0, 6.0)	(22.0, 41.0)	(23.0, 256.0)	(24.0, 928.0)	(25.0, 2478.0)	(26.0, 6001.0)	(27.0, 12663.0)	(28.0, 24909.0)	(29.0, 45745.0)	(30.0, 82683.0)	(31.0, 145161.0)	(32.0, 257749.0)	(33.0, 468530.0)	(34.0, 893958.0)	(35.0, 1813022.0)	(36.0, 3838401.0)	(37.0, 6966308.0)	(38.0, 6779953.0)	(39.0, 1439344.0)	(40.0, 707.0)					
KH3A_106_R2	(18.0, 6.0)	(19.0, 39.0)	(20.0, 119.0)	(21.0, 314.0)	(22.0, 840.0)	(23.0, 1850.0)	(24.0, 3848.0)	(25.0, 7377.0)	(26.0, 13765.0)	(27.0, 23849.0)	(28.0, 40329.0)	(29.0, 68867.0)	(30.0, 116720.0)	(31.0, 198224.0)	(32.0, 339292.0)	(33.0, 594355.0)	(34.0, 1071978.0)	(35.0, 2006728.0)	(36.0, 3829463.0)	(37.0, 6388852.0)	(38.0, 6314887.0)	(39.0, 1754016.0)	(40.0, 3125.0)		
KH3B_105_R1	(19.0, 1.0)	(20.0, 1.0)	(21.0, 3.0)	(22.0, 55.0)	(23.0, 263.0)	(24.0, 952.0)	(25.0, 2899.0)	(26.0, 6628.0)	(27.0, 14294.0)	(28.0, 27581.0)	(29.0, 50791.0)	(30.0, 90094.0)	(31.0, 156164.0)	(32.0, 269934.0)	(33.0, 478621.0)	(34.0, 891888.0)	(35.0, 1785903.0)	(36.0, 3918288.0)	(37.0, 8127464.0)	(38.0, 9142006.0)	(39.0, 2059442.0)	(40.0, 1186.0)			
KH3B_105_R2	(17.0, 1.0)	(18.0, 8.0)	(19.0, 40.0)	(20.0, 115.0)	(21.0, 324.0)	(22.0, 941.0)	(23.0, 2089.0)	(24.0, 4236.0)	(25.0, 8042.0)	(26.0, 14593.0)	(27.0, 25705.0)	(28.0, 43544.0)	(29.0, 73685.0)	(30.0, 123078.0)	(31.0, 204999.0)	(32.0, 347926.0)	(33.0, 601410.0)	(34.0, 1077910.0)	(35.0, 2030167.0)	(36.0, 4025470.0)	(37.0, 7495896.0)	(38.0, 8434883.0)	(39.0, 2503263.0)	(40.0, 6133.0)	
WH1A_090_R1	(20.0, 2.0)	(21.0, 6.0)	(22.0, 56.0)	(23.0, 255.0)	(24.0, 852.0)	(25.0, 2268.0)	(26.0, 5063.0)	(27.0, 10248.0)	(28.0, 18989.0)	(29.0, 34534.0)	(30.0, 59393.0)	(31.0, 102825.0)	(32.0, 181450.0)	(33.0, 335967.0)	(34.0, 708910.0)	(35.0, 1847211.0)	(36.0, 5167028.0)	(37.0, 10331591.0)	(38.0, 9700527.0)	(39.0, 2361804.0)	(40.0, 5088.0)				
WH1A_090_R2	(17.0, 3.0)	(18.0, 32.0)	(19.0, 95.0)	(20.0, 255.0)	(21.0, 617.0)	(22.0, 1329.0)	(23.0, 2749.0)	(24.0, 4936.0)	(25.0, 8940.0)	(26.0, 14940.0)	(27.0, 24867.0)	(28.0, 40260.0)	(29.0, 64145.0)	(30.0, 102152.0)	(31.0, 164904.0)	(32.0, 273363.0)	(33.0, 476224.0)	(34.0, 925944.0)	(35.0, 2155578.0)	(36.0, 5509110.0)	(37.0, 10181897.0)	(38.0, 8883646.0)	(39.0, 2032163.0)	(40.0, 5918.0)	
WH1B_089_R1	(20.0, 1.0)	(21.0, 17.0)	(22.0, 55.0)	(23.0, 246.0)	(24.0, 781.0)	(25.0, 2121.0)	(26.0, 4806.0)	(27.0, 9738.0)	(28.0, 18242.0)	(29.0, 33103.0)	(30.0, 57885.0)	(31.0, 100817.0)	(32.0, 176529.0)	(33.0, 327022.0)	(34.0, 681320.0)	(35.0, 1730935.0)	(36.0, 4784261.0)	(37.0, 9877913.0)	(38.0, 9986235.0)	(39.0, 2752764.0)	(40.0, 11198.0)				
WH1B_089_R2	(16.0, 1.0)	(17.0, 6.0)	(18.0, 41.0)	(19.0, 114.0)	(20.0, 266.0)	(21.0, 650.0)	(22.0, 1467.0)	(23.0, 2928.0)	(24.0, 5350.0)	(25.0, 9417.0)	(26.0, 15781.0)	(27.0, 25994.0)	(28.0, 41714.0)	(29.0, 66756.0)	(30.0, 107072.0)	(31.0, 171293.0)	(32.0, 282246.0)	(33.0, 485966.0)	(34.0, 930068.0)	(35.0, 2092384.0)	(36.0, 5166216.0)	(37.0, 9718520.0)	(38.0, 9098497.0)	(39.0, 2321846.0)	(40.0, 11396.0)
WH2A_092_R1	(20.0, 1.0)	(21.0, 17.0)	(22.0, 82.0)	(23.0, 417.0)	(24.0, 1601.0)	(25.0, 4160.0)	(26.0, 10114.0)	(27.0, 21198.0)	(28.0, 40964.0)	(29.0, 74389.0)	(30.0, 128120.0)	(31.0, 215759.0)	(32.0, 361536.0)	(33.0, 617143.0)	(34.0, 1107875.0)	(35.0, 2198930.0)	(36.0, 5180611.0)	(37.0, 12194558.0)	(38.0, 15993565.0)	(39.0, 4468112.0)	(40.0, 5350.0)				
WH2A_092_R2	(17.0, 11.0)	(18.0, 89.0)	(19.0, 274.0)	(20.0, 582.0)	(21.0, 1271.0)	(22.0, 2750.0)	(23.0, 5863.0)	(24.0, 11053.0)	(25.0, 20076.0)	(26.0, 34612.0)	(27.0, 56956.0)	(28.0, 92392.0)	(29.0, 145584.0)	(30.0, 228927.0)	(31.0, 357620.0)	(32.0, 561755.0)	(33.0, 907339.0)	(34.0, 1543563.0)	(35.0, 2915131.0)	(36.0, 6376088.0)	(37.0, 12729279.0)	(38.0, 13512049.0)	(39.0, 3117281.0)	(40.0, 3957.0)	
WH2B_091_R1	(19.0, 1.0)	(20.0, 0.0)	(21.0, 4.0)	(22.0, 84.0)	(23.0, 326.0)	(24.0, 1002.0)	(25.0, 2704.0)	(26.0, 6283.0)	(27.0, 12749.0)	(28.0, 23246.0)	(29.0, 41314.0)	(30.0, 69881.0)	(31.0, 117189.0)	(32.0, 196670.0)	(33.0, 344683.0)	(34.0, 672845.0)	(35.0, 1612124.0)	(36.0, 4728535.0)	(37.0, 11391309.0)	(38.0, 12602997.0)	(39.0, 3144523.0)	(40.0, 5118.0)			
WH2B_091_R2	(17.0, 2.0)	(18.0, 33.0)	(19.0, 91.0)	(20.0, 195.0)	(21.0, 470.0)	(22.0, 1013.0)	(23.0, 2042.0)	(24.0, 3969.0)	(25.0, 6686.0)	(26.0, 11936.0)	(27.0, 19917.0)	(28.0, 33124.0)	(29.0, 53373.0)	(30.0, 88276.0)	(31.0, 144604.0)	(32.0, 243581.0)	(33.0, 425622.0)	(34.0, 821479.0)	(35.0, 1872869.0)	(36.0, 5141376.0)	(37.0, 11637880.0)	(38.0, 11808837.0)	(39.0, 2650657.0)	(40.0, 5555.0)	
WH3A_094_R1	(20.0, 2.0)	(21.0, 17.0)	(22.0, 95.0)	(23.0, 488.0)	(24.0, 1733.0)	(25.0, 4679.0)	(26.0, 10764.0)	(27.0, 21903.0)	(28.0, 41989.0)	(29.0, 75186.0)	(30.0, 129900.0)	(31.0, 222743.0)	(32.0, 381142.0)	(33.0, 672859.0)	(34.0, 1277162.0)	(35.0, 2685209.0)	(36.0, 5846982.0)	(37.0, 10615156.0)	(38.0, 11810434.0)	(39.0, 3461010.0)	(40.0, 6907.0)				
WH3A_094_R2	(16.0, 1.0)	(17.0, 9.0)	(18.0, 86.0)	(19.0, 212.0)	(20.0, 532.0)	(21.0, 1058.0)	(22.0, 2427.0)	(23.0, 5074.0)	(24.0, 9863.0)	(25.0, 18065.0)	(26.0, 31356.0)	(27.0, 51803.0)	(28.0, 85016.0)	(29.0, 135885.0)	(30.0, 216190.0)	(31.0, 344835.0)	(32.0, 559759.0)	(33.0, 939303.0)	(34.0, 1698138.0)	(35.0, 3376536.0)	(36.0, 6679170.0)	(37.0, 10568378.0)	(38.0, 10008446.0)	(39.0, 2528829.0)	(40.0, 5389.0)
WH3B_093_R1	(20.0, 1.0)	(21.0, 14.0)	(22.0, 103.0)	(23.0, 562.0)	(24.0, 1802.0)	(25.0, 4780.0)	(26.0, 11259.0)	(27.0, 23043.0)	(28.0, 43846.0)	(29.0, 78872.0)	(30.0, 135052.0)	(31.0, 227676.0)	(32.0, 386544.0)	(33.0, 667134.0)	(34.0, 1231711.0)	(35.0, 2557864.0)	(36.0, 5878049.0)	(37.0, 11812461.0)	(38.0, 12300142.0)	(39.0, 3015190.0)	(40.0, 5385.0)				
WH3B_093_R2	(17.0, 11.0)	(18.0, 42.0)	(19.0, 192.0)	(20.0, 426.0)	(21.0, 966.0)	(22.0, 2290.0)	(23.0, 4770.0)	(24.0, 9469.0)	(25.0, 17176.0)	(26.0, 30507.0)	(27.0, 50658.0)	(28.0, 83567.0)	(29.0, 134272.0)	(30.0, 213654.0)	(31.0, 342406.0)	(32.0, 554656.0)	(33.0, 926959.0)	(34.0, 1653844.0)	(35.0, 3292113.0)	(36.0, 6947526.0)	(37.0, 11806080.0)	(38.0, 10160341.0)	(39.0, 2145656.0)	(40.0, 3909.0)	
